#BVGraph properties
#Fri Nov 19 01:55:12 CET 2010
compratio=0.171
bitsforblocks=4279769
residualarcs=3563751
version=0
zetak=3
residualexpstats=397366,266484,196558,253807,326819,219245,197871,177685,194083,211695,163070,144041,106455,83703,70303,71978,85327,90425,81898,51802,24563
avgref=1.259
residualavggap=42661.489
avgbitsforoutdegrees=5.779
windowsize=7
bitsforintervals=3740876
copiedarcs=12288328
avgbitsforblocks=4.961
bitsperlink=2.858
bitsforresiduals=39768314
bitsforreferences=2191114
avgdist=1.54
successoravgloggap=2.73801739413855
avgbitsforreferences=2.54
successoravggap=8825.519
maxrefcount=3
successorexpstats=13497465,863694,513276,647734,719812,426329,353913,281866,271580,283871,220921,192322,151878,116410,100358,101271,111736,106785,100856,59180,25170
nodes=862664
compressionflags=
intervalisedarcs=3383061
bitspernode=63.716
arcs=19235140
bitsforoutdegrees=4985066
avgbitsforintervals=4.336
minintervallength=4
graphclass=it.unimi.dsi.webgraph.BVGraph
avgbitsforresiduals=46.099
residualavgloggap=7.4624719766272465
