#BVGraph properties
#Wed Nov 17 23:14:23 CET 2010
compratio=0.223
bitsforblocks=8503394
residualarcs=3979686
version=0
zetak=3
residualexpstats=615712,316176,209023,201798,220862,193643,190477,187314,206585,226226,185438,165339,128981,109020,102792,101894,115301,133146,116007,68814,35963
avgref=1.918
residualavggap=53412.006
avgbitsforoutdegrees=7.624
windowsize=7
bitsforintervals=7585110
copiedarcs=12435782
avgbitsforblocks=9.857
bitsperlink=3.726
bitsforresiduals=46061741
bitsforreferences=2937161
avgdist=2.488
successoravgloggap=3.593241367199254
avgbitsforreferences=3.405
successoravggap=22791.017
maxrefcount=3
successorexpstats=12817222,859481,514172,401632,388794,343500,331639,328442,343678,371356,341820,306430,273103,247545,215637,197045,208793,239875,229972,143501,92056
nodes=862664
compressionflags=
intervalisedarcs=2819672
bitspernode=83.073
arcs=19235140
bitsforoutdegrees=6576688
avgbitsforintervals=8.793
minintervallength=4
graphclass=it.unimi.dsi.webgraph.BVGraph
avgbitsforresiduals=53.395
residualavgloggap=7.773839388984129
