#BVGraph properties
#Sun Jan 09 15:49:29 CST 2022
compratio=0.182
bitsforblocks=11666951
residualarcs=5702044
version=0
zetak=3
residualexpstats=865175,489475,330314,382204,445002,315717,287368,268899,279069,305477,254149,225521,182675,144870,131756,129538,140322,154362,129763,78409,40432
avgref=2.04
residualavggap=42015.869
avgbitsforoutdegrees=8.489
windowsize=7
bitsforintervals=9958545
copiedarcs=21567792
avgbitsforblocks=13.524
bitsperlink=2.9
bitsforresiduals=62961235
bitsforreferences=3136422
avgdist=2.636
successoravgloggap=2.981087416591427
avgbitsforreferences=3.636
successoravggap=14383.328
maxrefcount=3
successorexpstats=23203062,1382582,835666,878966,928301,617174,537562,473093,460360,496089,446787,393405,338333,282659,248384,234474,239651,273565,238063,156786,96061
nodes=862664
compressionflags=
intervalisedarcs=5508527
bitspernode=110.178
arcs=32778363
bitsforoutdegrees=7323232
avgbitsforintervals=11.544
minintervallength=4
graphclass=it.unimi.dsi.webgraph.BVGraph
avgbitsforresiduals=72.985
residualavgloggap=7.248010565069797
