#BVGraph properties
#Tue Nov 08 11:56:40 CET 2011
compratio=0.469
bitsforblocks=4584689
residualarcs=3767554
version=0
zetak=3
residualexpstats=829108,564403,316540,227367,160140,107786,65102,44258,34201,33343,39777,55627,81403,122322,169496,209017,218234,199679,152194,93503,44054
avgref=0.887
residualavggap=74351.720
avgbitsforoutdegrees=4.96
windowsize=7
bitsforintervals=3137536
copiedarcs=2005582
avgbitsforblocks=4.648
bitsperlink=8.716
bitsforresiduals=43935636
bitsforreferences=1911515
avgdist=0.992
successoravgloggap=5.868432982745756
avgbitsforreferences=1.938
successoravggap=55757.656
maxrefcount=3
successorexpstats=2480174,957069,485016,359583,247602,159389,97805,62587,45194,41659,47261,65039,95581,145239,204325,260007,282444,270401,218311,127740,54810
nodes=986324
compressionflags=
intervalisedarcs=934100
bitspernode=59.273
arcs=6707236
bitsforoutdegrees=4892618
avgbitsforintervals=3.181
minintervallength=4
graphclass=it.unimi.dsi.webgraph.BVGraph
avgbitsforresiduals=44.545
residualavgloggap=7.546574304738999
