#BVGraph properties
#Wed Jan 05 09:37:54 CST 2022
compratio=0.104
bitsforblocks=7697790
residualarcs=3039352
version=0
zetak=3
residualexpstats=690226,524356,267848,216062,188571,171352,145641,126944,113782,102333,92679,81202,57143,36106,16608,11141,11546,17273,20270,23620,13955,2922
avgref=1.866
residualavggap=22015.170
avgbitsforoutdegrees=6.303
windowsize=7
bitsforintervals=5325416
copiedarcs=20198858
avgbitsforblocks=5.566
bitsperlink=1.816
bitsforresiduals=23747092
bitsforreferences=4558358
avgdist=2.296
successoravgloggap=2.0170630581245743
avgbitsforreferences=3.296
successoravggap=4637.577
maxrefcount=3
successorexpstats=21947102,1370440,640648,504548,432472,373740,354518,313327,291154,268103,260389,225728,191629,86176,37790,21009,35802,49725,43731,47038,25067,4760
nodes=1382908
compressionflags=
intervalisedarcs=4322146
bitspernode=36.188
arcs=27560356
bitsforoutdegrees=8716140
avgbitsforintervals=3.851
minintervallength=4
graphclass=it.unimi.dsi.webgraph.BVGraph
avgbitsforresiduals=17.172
residualavgloggap=4.806938209005266
