#BVGraph properties
#Tue Jan 04 20:46:54 CST 2022
compratio=0.147
bitsforblocks=1841824
residualarcs=816309
version=0
zetak=3
residualexpstats=154089,116499,62948,56849,76809,59897,40501,29660,28113,28477,29583,27646,24299,16401,8007,2626,4545,6228,4210,909
avgref=1.831
residualavggap=6291.746
avgbitsforoutdegrees=6.032
windowsize=7
bitsforintervals=1199298
copiedarcs=3790962
avgbitsforblocks=5.657
bitsperlink=2.296
bitsforresiduals=6719012
bitsforreferences=1054075
avgdist=2.238
successoravgloggap=2.2425696411314853
avgbitsforreferences=3.238
successoravggap=1348.244
maxrefcount=3
successorexpstats=4178068,280234,154491,129727,146610,114687,87704,70060,68635,78167,68226,60384,54071,24013,13208,4502,7209,10107,5919,1121
nodes=325557
compressionflags=
intervalisedarcs=958109
bitspernode=39.249
arcs=5565380
bitsforoutdegrees=1963715
avgbitsforintervals=3.684
minintervallength=4
graphclass=it.unimi.dsi.webgraph.BVGraph
avgbitsforresiduals=20.639
residualavgloggap=5.1892975278791695
