#BVGraph properties
#Mon Sep 06 10:07:04 CST 2021
bitsforreferences=1054075
avgbitsforintervals=3.684
graphclass=it.unimi.dsi.webgraph.BVGraph
avgdist=2.238
successoravggap=1348.244
residualexpstats=154089,116499,62948,56849,76809,59897,40501,29660,28113,28477,29583,27646,24299,16401,8007,2626,4545,6228,4210,909
arcs=5565380
minintervallength=4
bitsforoutdegrees=1963715
residualavgloggap=5.1892975278791695
avgbitsforoutdegrees=6.032
bitsforresiduals=6719012
successoravgloggap=2.2425696411314853
maxrefcount=3
successorexpstats=4178068,280234,154491,129727,146610,114687,87704,70060,68635,78167,68226,60384,54071,24013,13208,4502,7209,10107,5919,1121
residualarcs=816309
avgbitsforresiduals=20.639
avgbitsforblocks=5.657
windowsize=7
residualavggap=6291.746
copiedarcs=3790962
avgbitsforreferences=3.238
version=0
compratio=0.147
bitsperlink=2.296
compressionflags=
nodes=325557
avgref=1.831
zetak=3
bitsforintervals=1199298
intervalisedarcs=958109
bitspernode=39.249
bitsforblocks=1841824
