#BVGraph properties
#Mon Sep 20 19:57:13 CST 2021
bitsforreferences=231638
avgbitsforintervals=1.947
graphclass=it.unimi.dsi.webgraph.BVGraph
avgdist=2.345
successoravggap=1994.670
residualexpstats=31204,27713,24765,24020,21329,18708,15250,13534,12445,10070,10207,10523,9525,9226,6676,5011,1190,2
arcs=510433
minintervallength=4
bitsforoutdegrees=282110
residualavgloggap=6.029956795531932
avgbitsforoutdegrees=4.074
bitsforresiduals=2400966
successoravgloggap=4.55211784693559
maxrefcount=3
successorexpstats=175977,53286,38740,34243,30854,28764,24847,21114,17152,13451,14151,14230,13196,12566,9838,6346,1386,2
residualarcs=251742
avgbitsforresiduals=34.674
avgbitsforblocks=4.381
windowsize=7
residualavggap=3047.226
copiedarcs=174931
avgbitsforreferences=3.345
version=0
compratio=0.449
bitsperlink=6.569
compressionflags=
nodes=69244
avgref=1.934
zetak=3
bitsforintervals=134817
intervalisedarcs=83760
bitspernode=48.422
bitsforblocks=303386
