#BVGraph properties
#Fri Nov 19 01:54:15 CET 2010
compratio=0.525
bitsforblocks=208131
residualarcs=147419
version=0
zetak=3
residualexpstats=15724,14103,12844,12679,12019,10706,9107,7434,6747,5552,6309,7613,7633,7724,5511,4311,942,1
avgref=1.711
residualavggap=4254.243
avgbitsforoutdegrees=3.561
windowsize=7
bitsforintervals=55199
copiedarcs=116207
avgbitsforblocks=3.006
bitsperlink=8.156
bitsforresiduals=1536887
bitsforreferences=205505
avgdist=2.081
successoravgloggap=5.648905686573777
avgbitsforreferences=2.968
successoravggap=3003.040
maxrefcount=3
successorexpstats=57872,28450,22504,21042,20513,19686,17714,13795,10558,8050,9141,10684,10793,10539,7660,5607,1065,1
nodes=69244
compressionflags=
intervalisedarcs=12517
bitspernode=32.527
arcs=276143
bitsforoutdegrees=246548
avgbitsforintervals=0.797
minintervallength=4
graphclass=it.unimi.dsi.webgraph.BVGraph
avgbitsforresiduals=22.195
residualavgloggap=6.697805543238256
