#BVGraph properties
#Wed Nov 17 23:14:08 CET 2010
compratio=0.392
bitsforblocks=115147
residualarcs=142422
version=0
zetak=3
residualexpstats=18728,17294,15065,14412,11937,10408,8204,7876,7270,5882,5241,5079,4256,4093,3270,2426,609,1
avgref=0.304
residualavggap=2607.752
avgbitsforoutdegrees=2.009
windowsize=7
bitsforintervals=88317
copiedarcs=68677
avgbitsforblocks=1.663
bitsperlink=6.084
bitsforresiduals=1291294
bitsforreferences=46052
avgdist=0.411
successoravgloggap=3.9653998607825107
avgbitsforreferences=0.665
successoravggap=1647.876
maxrefcount=3
successorexpstats=114430,31706,20831,17242,13864,12188,9770,9311,8508,6971,6679,6119,5123,4975,4556,2802,714,1
nodes=69244
compressionflags=
intervalisedarcs=65044
bitspernode=24.261
arcs=276143
bitsforoutdegrees=139136
avgbitsforintervals=1.275
minintervallength=4
graphclass=it.unimi.dsi.webgraph.BVGraph
avgbitsforresiduals=18.648
residualavgloggap=5.690352475674979
