#BVGraph properties
#Wed Nov 17 23:14:19 CET 2010
compratio=0.511
bitsforblocks=3529598
residualarcs=3203500
version=0
zetak=3
residualexpstats=542374,502674,380475,267010,184938,120904,67367,37771,19630,10567,8805,13681,25201,46656,82236,135783,196408,226535,189601,106924,37960
avgref=0.679
residualavggap=91062.700
avgbitsforoutdegrees=5.594
windowsize=7
bitsforintervals=1660996
copiedarcs=1412721
avgbitsforblocks=4.8
bitsperlink=9.251
bitsforresiduals=37068727
bitsforreferences=1347073
avgdist=0.952
successoravgloggap=5.764636096891035
avgbitsforreferences=1.832
successoravggap=63399.343
maxrefcount=3
successorexpstats=1658116,949603,466293,325213,226730,137588,79220,43520,21830,12261,10347,16297,30132,56195,98440,162604,232706,260866,211379,116746,42302
nodes=735323
compressionflags=
intervalisedarcs=542167
bitspernode=64.896
arcs=5158388
bitsforoutdegrees=4113257
avgbitsforintervals=2.259
minintervallength=4
graphclass=it.unimi.dsi.webgraph.BVGraph
avgbitsforresiduals=50.411
residualavgloggap=7.535789836664724
