#BVGraph properties
#Thu Nov 18 22:51:20 CET 2010
compratio=0.490
bitsforblocks=2756155
residualarcs=3200051
version=0
zetak=3
residualexpstats=606717,541478,372611,256106,173293,105046,59169,33599,18662,11450,12264,19459,34646,58305,92428,136402,177102,193580,163826,98461,35447
avgref=0.582
residualavggap=82218.008
avgbitsforoutdegrees=5.448
windowsize=7
bitsforintervals=2221565
copiedarcs=1151744
avgbitsforblocks=3.748
bitsperlink=8.883
bitsforresiduals=35489684
bitsforreferences=1350147
avgdist=0.836
successoravgloggap=5.364910842097246
avgbitsforreferences=1.836
successoravggap=56448.571
maxrefcount=3
successorexpstats=1890564,935390,442039,294953,194229,112579,65308,36744,19968,12491,13374,21381,38705,65726,104558,156626,204579,220239,184090,106667,38178
nodes=735323
compressionflags=
intervalisedarcs=806593
bitspernode=62.318
arcs=5158388
bitsforoutdegrees=4005997
avgbitsforintervals=3.021
minintervallength=4
graphclass=it.unimi.dsi.webgraph.BVGraph
avgbitsforresiduals=48.264
residualavgloggap=7.165222548076668
