#BVGraph properties
#Tue Jan 04 21:36:12 CST 2022
compratio=0.512
bitsforblocks=4379517
residualarcs=4298544
version=0
zetak=3
residualexpstats=716994,643583,486820,350256,242030,156209,89214,50831,27444,16803,17578,28668,51669,88789,144788,216218,281261,292050,220717,127131,49491
avgref=0.751
residualavggap=85017.828
avgbitsforoutdegrees=6.306
windowsize=7
bitsforintervals=2597350
copiedarcs=1723527
avgbitsforblocks=5.956
bitsperlink=9.052
bitsforresiduals=50651617
bitsforreferences=1521214
avgdist=1.069
successoravgloggap=5.692948997903399
avgbitsforreferences=2.069
successoravggap=57422.312
maxrefcount=3
successorexpstats=2491552,1193796,585854,398691,273247,170075,100562,56484,29804,18770,19696,32458,59175,102900,167589,252911,327545,331129,243211,137152,54343
nodes=735323
compressionflags=
intervalisedarcs=1024873
bitspernode=86.747
arcs=7046944
bitsforoutdegrees=4637085
avgbitsforintervals=3.532
minintervallength=4
graphclass=it.unimi.dsi.webgraph.BVGraph
avgbitsforresiduals=68.883
residualavgloggap=7.700405078044029
