#BVGraph properties
#Tue Nov 08 15:39:35 CET 2011
compratio=0.843
bitsforblocks=27410
residualarcs=61003
version=0
zetak=3
residualexpstats=5204,5562,5184,4327,4044,4011,4276,4949,5623,5239,4590,3509,2336,1745,404
avgref=0.55
residualavggap=1171.477
avgbitsforoutdegrees=4.638
windowsize=7
bitsforintervals=15335
copiedarcs=8502
avgbitsforblocks=2.582
bitsperlink=10.164
bitsforresiduals=623863
bitsforreferences=17712
avgdist=0.682
successoravgloggap=6.056760652578019
avgbitsforreferences=1.668
successoravggap=1048.363
maxrefcount=3
successorexpstats=9498,7771,6281,4906,4375,4362,4609,5379,5930,5670,4923,3683,2546,1823,416
nodes=10617
compressionflags=
intervalisedarcs=2667
bitspernode=69.094
arcs=72172
bitsforoutdegrees=49243
avgbitsforintervals=1.444
minintervallength=4
graphclass=it.unimi.dsi.webgraph.BVGraph
avgbitsforresiduals=58.761
residualavgloggap=6.5346369680134115
