#BVGraph properties
#Tue Nov 08 15:39:23 CET 2011
compratio=0.883
bitsforblocks=37011
residualarcs=61314
version=0
zetak=3
residualexpstats=5117,4870,4366,4020,3550,3302,3208,3877,5799,6964,7015,4839,2091,1797,499
avgref=0.31
residualavggap=1333.624
avgbitsforoutdegrees=4.227
windowsize=7
bitsforintervals=9308
copiedarcs=8890
avgbitsforblocks=3.486
bitsperlink=10.646
bitsforresiduals=666674
bitsforreferences=10480
avgdist=0.514
successoravgloggap=6.56046819690199
avgbitsforreferences=0.987
successoravggap=1178.816
maxrefcount=3
successorexpstats=8520,6838,5282,4754,4130,3669,3620,4359,6347,7702,7581,4944,2049,1844,533
nodes=10617
compressionflags=
intervalisedarcs=1968
bitspernode=72.37
arcs=72172
bitsforoutdegrees=44875
avgbitsforintervals=0.877
minintervallength=4
graphclass=it.unimi.dsi.webgraph.BVGraph
avgbitsforresiduals=62.793
residualavgloggap=7.024087393160478
