#BVGraph properties
#Thu Sep 09 13:50:00 CST 2021
bitsforreferences=19546
avgbitsforintervals=1.982
graphclass=it.unimi.dsi.webgraph.BVGraph
avgdist=0.841
successoravggap=829.120
residualexpstats=9600,9551,8773,7698,7107,6974,7438,8925,10873,10630,8565,4882,2317,2227,671
arcs=127576
minintervallength=4
bitsforoutdegrees=62545
residualavgloggap=6.390826783843977
avgbitsforoutdegrees=5.891
bitsforresiduals=1065582
successoravgloggap=5.841549326943536
maxrefcount=3
successorexpstats=18504,13904,10564,8734,7834,7611,8140,9810,11594,11489,9057,4934,2410,2301,690
residualarcs=106231
avgbitsforresiduals=100.366
avgbitsforblocks=5.375
windowsize=7
residualavggap=956.894
copiedarcs=16095
avgbitsforreferences=1.841
version=0
compratio=0.856
bitsperlink=9.608
compressionflags=
nodes=10617
avgref=0.675
zetak=3
bitsforintervals=21040
intervalisedarcs=5250
bitspernode=115.455
bitsforblocks=57064
